time 3
x 0.158
y -0.2139
line 0.159 -0.34637 -0.1
line 0.159 -0.34637 -0.123
line 0.17596 -0.3324 -0.123
line 0.20136 -0.33109 -0.123
line 0.20051 -0.30838 -0.123
line 0.21575 -0.29049 -0.123
line 0.19755 -0.27521 -0.123
line 0.19924 -0.24814 -0.123
line 0.173 -0.25425 -0.123
line 0.15987 -0.23548 -0.123
line 0.14503 -0.25469 -0.123
line 0.11709 -0.25032 -0.123
line 0.12364 -0.2739 -0.123
line 0.10443 -0.29049 -0.123
line 0.12015 -0.30795 -0.123
line 0.11578 -0.33152 -0.123
line 0.14241 -0.33152 -0.123
line 0.14241 -0.33152 -0.1
